file_scan	perm	uid	gid	size	size_on_disk	blocks	atime	mtime	ctime	inode	file_name
ifs.am.cal.backup.apps.3rdparty	33261	829	829	2550000	2555904	7091	1336037322	1213214697	1646740681	4357600686	./techco/sdcon_segy/test/test.sgy
ifs.am.cal.backup.apps.3rdparty	33204	829	829	14074800	14082048	36867	1336037323	1235002754	1646740681	4375146159	./techco/obsolete/test/2d_out_mig.sgy
ifs.am.cal.backup.apps.3rdparty	33277	829	829	7210800	7217152	19267	1336037322	1210090360	1646740681	4375146152	./techco/obsolete/test/2d_out.sgy
ifs.am.cal.backup.apps.3rdparty	33261	829	829	2550000	2555904	7091	1535036484	1190396266	1646740681	4375584884	./techco/sdcon/test/test.sgy
ifs.am.cal.backup.apps.3rdparty	33277	829	36932	34932	40960	243	1297938863	896544926	1646740613	4361855191	./OWscan/2003.12.1/LinuxRHEL64_30WS/SynTool/testdata/testseis.sgy
ifs.am.cal.backup.apps.3rdparty	33277	829	36932	25560	32768	195	1317948502	1080595637	1646740617	4374220807	./OWscan/2003.12.1/LinuxRHEL64_30WS/LogM_STRUCT/LogMdata/field.sgy
ifs.am.cal.backup.apps.3rdparty	33277	829	36932	25560	32768	195	1317948502	1080595637	1646740617	4374220815	./OWscan/2003.12.1/LinuxRHEL64_30WS/LogM_STRUCT/LogMdata/subject.sgy
ifs.am.cal.backup.apps.3rdparty	33277	829	36932	25560	32768	195	1317948502	1080595636	1646740617	4374220806	./OWscan/2003.12.1/LinuxRHEL64_30WS/LogM_STRUCT/LogMdata/control.sgy
ifs.am.cal.backup.apps.3rdparty	33273	45746	45746	512534	516096	1571	1366667335	1366667335	1366667335	4368522903	./R5000/R5000_2/LinuxRHEL64_x86_64_40AS/OWDATA/OW_PROJ_DATA/NFHWELL_12/SWDATA/a4-2307mig.sgy
ifs.am.cal.backup.apps.3rdparty	33273	45746	45746	503566	507904	1555	1366667335	1366667335	1366667335	4368522902	./R5000/R5000_2/LinuxRHEL64_x86_64_40AS/OWDATA/OW_PROJ_DATA/NFHWELL_12/SWDATA/a3-663mig.sgy
ifs.am.cal.backup.apps.3rdparty	33204	45746	45746	22963140	22970368	60419	1435605117	1435258353	1435258353	4590804414	./R5000/R5000_2/LinuxRHEL64_x86_64_40AS/OWDATA/OW_PROJ_DATA/TEST_UPGRADE1/SWDATA/AT15401043_fmigfx.sgy
ifs.am.cal.backup.apps.3rdparty	33204	45746	45746	2909370	2916352	7795	1440437483	1435258353	1435258353	4582131701	./R5000/R5000_2/LinuxRHEL64_x86_64_40AS/OWDATA/OW_PROJ_DATA/TEST_UPGRADE1/SWDATA/a1-463mig.sgy
ifs.am.cal.backup.apps.3rdparty	33204	45746	45746	283050	286720	1123	1435258353	1435258353	1435258353	4590416610	./R5000/R5000_2/LinuxRHEL64_x86_64_40AS/OWDATA/OW_PROJ_DATA/TEST_UPGRADE1/SWDATA/t1-bjm1bjm.sgy
ifs.am.cal.backup.apps.3rdparty	33277	45746	36932	22963140	22970368	60371	1434683659	1414190540	1414190720	4369759668	./R5000/R5000_2/LinuxRHEL64_x86_64_40AS/OWDATA/OW_PROJ_DATA/DSD83_TEST/SWDATA/AT15401043_fmigfx.sgy
ifs.am.cal.backup.apps.3rdparty	33273	45746	36932	2909370	2916352	7795	1434683660	1390255168	1414190720	4367120574	./R5000/R5000_2/LinuxRHEL64_x86_64_40AS/OWDATA/OW_PROJ_DATA/DSD83_TEST/SWDATA/a1-463mig.sgy
ifs.am.cal.backup.apps.3rdparty	33273	45746	36932	283050	286720	1123	1434683660	1380897719	1414190720	4376972288	./R5000/R5000_2/LinuxRHEL64_x86_64_40AS/OWDATA/OW_PROJ_DATA/DSD83_TEST/SWDATA/t1-bjm1bjm.sgy
ifs.am.cal.backup.apps.3rdparty	33261	17067	17067	192663552	192667648	503331	1317948172	1045160390	1298698667	4364091593	./epdtw/123DI/123DITrainingClasses/class/class.dis.vt
ifs.am.cal.backup.apps.3rdparty	33261	17067	17067	195061376	195067904	509779	1317948118	1045053396	1298698712	4364611621	./epdtw/123DI/123DITrainingClasses/class/class.vt
ifs.am.cal.backup.apps.3rdparty	33261	17067	17067	79950772	79953920	209107	1317948191	850346417	1298698585	4376992082	./epdtw/123DI/123DITrainingClasses/bodychecking/	bcheck.vt
ifs.am.cal.backup.apps.3rdparty	33261	17067	17067	192663552	192667648	503331	1317947939	1045160390	1298698776	4367630720	./epdtw/123DI/123DITrainingClasses/data/class.dis.vt
ifs.am.cal.backup.apps.3rdparty	33261	17067	17067	195061376	195067904	509731	1317947964	1045053396	1298698814	4367630721	./epdtw/123DI/123DITrainingClasses/data/class.vt
ifs.am.cal.backup.apps.3rdparty	33261	0	2000	3103632	3104768	8163	1343410350	1187796738	1298702325	4371156805	./training/Rokdoc/RokDoc5.2_MUREX/orig_demodata/data/Gathers_demo.sgy
ifs.am.cal.backup.apps.3rdparty	33261	0	2000	22894644	22896640	60115	1343410363	1187795762	1298702320	4359098468	./training/Rokdoc/RokDoc5.2_MUREX/orig_demodata/data/3D_demo_data.sgy
ifs.am.cal.backup.apps.3rdparty	33261	0	2000	3103632	3104768	8163	1343410262	1187796738	1298702276	4360120553	./training/Rokdoc/RokDoc5.2_MUREX/demodata/data/Gathers_demo.sgy
ifs.am.cal.backup.apps.3rdparty	33261	0	2000	22894644	22896640	60115	1343410273	1187795762	1298702271	4360120543	./training/Rokdoc/RokDoc5.2_MUREX/demodata/data/3D_demo_data.sgy
ifs.am.cal.backup.apps.3rdparty	33256	829	829	373860	376832	1299	1297947117	1231274607	1401131042	4376996675	./tesseral/20080227-GL-version/job/migreiko+GathEP.sgy
ifs.am.cal.backup.apps.3rdparty	33256	829	829	373860	376832	1299	1297947109	1234459724	1401131042	4371461569	./tesseral/20080227/job/migreiko+GathEP.sgy
ifs.am.cal.backup.apps.3rdparty	33184	829	829	373860	376832	1299	1297947113	1247687546	1401131186	4374877369	./tesseral/final/testjob/migreiko+GathEP.sgy
ifs.am.cal.backup.apps.3rdparty	33261	829	829	87894144	87900160	229699	1602230526	1569328787	1569328787	6967665277	./OpenWorks/EPWDR51T/tlsadmin/bench/SEGY/class3d.sgy
ifs.am.cal.backup.apps.3rdparty	33261	829	829	22096572	22102016	58019	1602235081	1569328791	1569328791	6967665278	./OpenWorks/EPWDR51T/tlsadmin/bench/SEGY/class2d.sgy
ifs.am.cal.backup.apps.3rdparty	33277	829	829	34932	40960	243	1548363174	1460413132	1493246780	5535804171	./OpenWorks/EPWDR51T/Linux_RHEL6/R5000.10.6/SynTool/testdata/testseis.sgy
ifs.am.cal.backup.apps.3rdparty	33257	36175	36175	336841112	336846848	880291	1355164488	1355163962	1355163962	4357557390	./nDI/data/ReadTest/Test1/ReadTest/otu_psdm_1.vt
ifs.am.cal.backup.apps.3rdparty	33257	36175	36175	336841112	336846848	880387	1355164689	1355164084	1355164084	4357560803	./nDI/data/ReadTest/Test1/ReadTest/otu_psdm_12.vt
ifs.am.cal.backup.apps.3rdparty	33257	36175	36175	336841112	336846848	880339	1355164784	1355164139	1355164139	4372396787	./nDI/data/ReadTest/Test1/ReadTest/otu_psdm_17.vt
ifs.am.cal.backup.apps.3rdparty	33257	36175	36175	336841112	336846848	880387	1355164598	1355164030	1355164030	4357557770	./nDI/data/ReadTest/Test1/ReadTest/otu_psdm_7.vt
ifs.am.cal.backup.apps.3rdparty	33257	36175	36175	336841112	336846848	880387	1355164803	1355164150	1355164150	4372396788	./nDI/data/ReadTest/Test1/ReadTest/otu_psdm_18.vt
ifs.am.cal.backup.apps.3rdparty	33257	36175	36175	336841112	336846848	880387	1355164633	1355164052	1355164052	4357558962	./nDI/data/ReadTest/Test1/ReadTest/otu_psdm_9.vt
ifs.am.cal.backup.apps.3rdparty	33257	36175	36175	336841112	336846848	880387	1355164507	1355163974	1355163974	4357557393	./nDI/data/ReadTest/Test1/ReadTest/otu_psdm_2.vt
ifs.am.cal.backup.apps.3rdparty	33257	36175	36175	336841112	336846848	880387	1355164616	1355164041	1355164041	4357558317	./nDI/data/ReadTest/Test1/ReadTest/otu_psdm_8.vt
ifs.am.cal.backup.apps.3rdparty	33257	36175	36175	336841112	336846848	880387	1355164900	1355164207	1355164207	4372396793	./nDI/data/ReadTest/Test1/ReadTest/otu_psdm_23.vt
ifs.am.cal.backup.apps.3rdparty	33257	36175	36175	336841112	336846848	880339	1355164670	1355164073	1355164073	4357559990	./nDI/data/ReadTest/Test1/ReadTest/otu_psdm_11.vt
ifs.am.cal.backup.apps.3rdparty	33257	36175	36175	336841112	336846848	880339	1355164563	1355164008	1355164008	4357557398	./nDI/data/ReadTest/Test1/ReadTest/otu_psdm_5.vt
ifs.am.cal.backup.apps.3rdparty	33257	36175	36175	336841112	336846848	880339	1355164765	1355164128	1355164128	4357563288	./nDI/data/ReadTest/Test1/ReadTest/otu_psdm_16.vt
ifs.am.cal.backup.apps.3rdparty	33257	36175	36175	336841112	336846848	880339	1355164822	1355164162	1355164162	4372396789	./nDI/data/ReadTest/Test1/ReadTest/otu_psdm_19.vt
ifs.am.cal.backup.apps.3rdparty	33257	36175	36175	336841112	336846848	880387	1355164581	1355164019	1355164019	4357557399	./nDI/data/ReadTest/Test1/ReadTest/otu_psdm_6.vt
ifs.am.cal.backup.apps.3rdparty	33257	36175	36175	336841112	336846848	880339	1355164939	1355164230	1355164230	4372396796	./nDI/data/ReadTest/Test1/ReadTest/otu_psdm_25.vt
ifs.am.cal.backup.apps.3rdparty	33257	36175	36175	336841112	336846848	880387	1355164544	1355163996	1355163996	4357557395	./nDI/data/ReadTest/Test1/ReadTest/otu_psdm_4.vt
ifs.am.cal.backup.apps.3rdparty	33257	36175	36175	336841112	336846848	880339	1355164708	1355164096	1355164096	4357561365	./nDI/data/ReadTest/Test1/ReadTest/ot	u_psdm_13.vt
ifs.am.cal.backup.apps.3rdparty	33257	36175	36175	336841112	336846848	880339	1355164920	1355164220	1355164220	4372396795	./nDI/data/ReadTest/Test1/ReadTest/otu_psdm_24.vt
ifs.am.cal.backup.apps.3rdparty	33257	36175	36175	336841112	336846848	880291	1355164861	1355164183	1355164183	4372396791	./nDI/data/ReadTest/Test1/ReadTest/otu_psdm_21.vt
ifs.am.cal.backup.apps.3rdparty	33257	36175	36175	336841112	336846848	880339	1355164727	1355164106	1355164106	4357561797	./nDI/data/ReadTest/Test1/ReadTest/otu_psdm_14.vt
ifs.am.cal.backup.apps.3rdparty	33257	36175	36175	336841112	336846848	880387	1355164841	1355164173	1355164173	4372396790	./nDI/data/ReadTest/Test1/ReadTest/otu_psdm_20.vt
ifs.am.cal.backup.apps.3rdparty	33257	36175	36175	336841112	336846848	880339	1355164746	1355164116	1355164116	4357562476	./nDI/data/ReadTest/Test1/ReadTest/otu_psdm_15.vt
ifs.am.cal.backup.apps.3rdparty	33257	36175	36175	336841112	336846848	880339	1355164881	1355164194	1355164194	4372396792	./nDI/data/ReadTest/Test1/ReadTest/otu_psdm_22.vt
ifs.am.cal.backup.apps.3rdparty	33257	36175	36175	336841112	336846848	880387	1355164525	1355163985	1355163985	4357557394	./nDI/data/ReadTest/Test1/ReadTest/otu_psdm_3.vt
ifs.am.cal.backup.apps.3rdparty	33257	36175	36175	336841112	336846848	880387	1355164651	1355164063	1355164063	4357559709	./nDI/data/ReadTest/Test1/ReadTest/otu_ps	dm_10.vt
ifs.am.cal.backup.apps.3rdparty_ep	33261	829	829	87894144	87900160	207377	1666191452	1569328890	1569328890	6946035398	./OpenWorks/EPWDR51P/tlsadmin/bench/SEGY/class3d.sgy
ifs.am.cal.backup.apps.3rdparty_ep	33261	829	829	22096572	22102016	52113	1666191452	1569328895	1569328895	6957504670	./OpenWorks/EPWDR51P/tlsadmin/bench/SEGY/class2d.sgy
ifs.am.cal.backup.apps.3rdparty_ep	33277	829	829	34932	40960	289	1615289434	1460413132	1517013386	5995296428	./OpenWorks/EPWDR51P/Linux_RHEL6/R5000.10.6/SynTool/testdata/testseis.sgy
ifs.am.cal.backup.apps.local_seisutil	34301	27500	36934	126976	131072	881	1530131611	1530131611	1732797695	6203737857	./cathcart/sipmap/veltrc/pvv2/TRK100/time/TRK100.vt
ifs.am.cal.backup.apps.local_seisutil	34301	27500	36934	212992	212992	1041	1530131611	1530131611	1732797695	6203737858	./cathcart/sipmap/veltrc/pvv2/TRK100/time/TRK100.vack.vt
ifs.am.cal.backup.apps.local_seisutil	34301	27500	36934	126976	131072	881	1530131611	1530131611	1732797695	6203222505	./cathcart/sipmap/veltrc/p2vv1/TRK100/time/TRK100.vt
ifs.am.cal.backup.apps.local_seisutil	34301	27500	36934	212992	212992	1041	1530131612	1530131612	1732797695	6203222506	./cathcart/sipmap/veltrc/p2vv1/TRK100/time/TRK100.vack.vt
ifs.am.cal.backup.apps.local_seisutil	34301	27500	36934	126976	131072	881	1530131612	1530131612	1732797695	6203818940	./cathcart/sipmap/veltrc/pvsv2/TRK100/time/TRK100.vt
ifs.am.cal.backup.apps.local_seisutil	34301	27500	36934	106496	106496	737	1530131612	1530131612	1732797695	6208112181	./cathcart/sipmap/veltrc/pvsv2/TRK100/time/TRK100.vack.vt
ifs.am.cal.backup.apps.local_seisutil	34301	27500	36934	126976	131072	881	1530131612	1530131612	1732797695	6203222512	./cathcart/sipmap/veltrc/pvsv1/TRK100/time/TRK100.vt
ifs.am.cal.backup.apps.local_seisutil	34301	27500	36934	106496	106496	737	1530131613	1530131613	1732797695	6203222513	./cathcart/sipmap/veltrc/pvsv1/TRK100/time/TRK100.vack.vt
ifs.am.cal.backup.apps.local_seisutil	34301	27500	36934	126976	131072	881	1530131613	1530131613	1732797695	6203629027	./cathcart/sipmap/veltrc/p2vv2/TRK100/time/TRK100.vt
ifs.am.cal.backup.apps.local_seisutil	34301	27500	36934	212992	212992	1041	1530131613	1530131613	1732797695	6208112193	./cathcart/sipmap/veltrc/p2vv2/TRK100/time/TRK100.vack.vt
ifs.am.cal.backup.apps.local_seisutil	34301	27500	36934	16384	16384	145	1530131614	1530131614	1732797695	6208112197	./cathcart/sipmap/veltrc/p2vv2/PostStack/time/PostStack.vt
ifs.am.cal.backup.apps.local_seisutil	34301	27500	36934	126976	131072	881	1530131615	1530131615	1732797695	6208112210	./cathcart/sipmap/veltrc/pvv1/TRK100/time/TRK100.vt
ifs.am.cal.backup.apps.local_seisutil	34301	27500	36934	212992	212992	1041	1530131615	1530131615	1732797695	6208112211	./cathcart/sipmap/veltrc/pvv1/TRK100/time/TRK100.vack.vt
ifs.am.cal.backup.apps.sss	33261	45375	45375	336841112	336846848	792545	1691437898	1502908481	1689953357	8441660281	./etc/log/BVT/BVT/otu_psdm.vt
ifs.am.cal.backup.apps.sss	33261	45375	45375	96698368	96698368	227761	1689953357	1502908181	1689953357	8450702275	./etc/log/BVT/BVT/Imagine/BiggieMax_ft.vt
ifs.am.cal.backup.apps.sss	33261	829	829	44383040	44384256	116193	1716818181	1716818181	1717594552	8582393549	./AASPI/2024.03/aaspi/boonsville/d_mig_boonsville.segy
ifs.am.cal.backup.apps.sss	33261	829	829	456404	458752	1489	1716818279	1716818279	1717597132	8602168119	./AASPI/2024.03/aaspi/src_matlab/libs/segymat-1.6/f11_02673_45Hz.segy
ifs.am.cal.backup.apps.sss	33188	829	829	44383040	44384256	104721	1468883004	1468883004	1630600136	7757020288	./AASPI/2021/LinuxRHEL64_66WS/boonsville/d_mig_boonsville.segy
ifs.am.cal.backup.apps.sss	33188	829	829	456404	458752	1521	1583782035	1583782035	1630600318	7765903760	./AASPI/2021/LinuxRHEL64_66WS/src_matlab/libs/segymat-1.6/f11_02673_45Hz.segy
ifs.am.cal.backup.apps.sss	33188	829	829	44383040	44384256	104593	1468883004	1468883004	1702287148	8531704823	./AASPI/2022.09/aaspi/boonsville/d_mig_boonsville.segy
ifs.am.cal.backup.apps.sss	33188	829	829	456404	458752	1521	1583782035	1583782035	1702287960	8543212434	./AASPI/2022.09/aaspi/src_matlab/libs/segymat-1.6/f11_02673_45Hz.segy
ifs.am.cal.backup.apps.sss	33189	829	829	44383040	44384256	104721	1626020251	1446572353	1541004347	6380388935	./AASPI/2018.05/LinuxRHEL64_66WS/boonsville/d_mig_boonsville.segy
ifs.am.cal.backup.apps.sss	33261	829	829	65376	65536	433	1665853777	1488907235	1559437457	5554994400	./gcs/2.9.5.1/SCSClient/run/data/public/datasets/time_2dvel.sgy
ifs.am.cal.backup.apps.sss	33261	829	829	5399848	5406720	13233	1665853777	1488907235	1559437457	5554994401	./gcs/2.9.5.1/SCSClient/run/data/public/datasets/time_3dvel.sgy
ifs.am.cal.backup.apps.sss	33261	829	829	65376	65536	433	1665854633	1505324933	1559440015	6134938485	./gcs/2.9.5.6/SCSClient/run/data/public/datasets/time_2dvel.sgy
ifs.am.cal.backup.apps.sss	33261	829	829	5399848	5406720	13233	1665854633	1505324933	1559440016	6139836610	./gcs/2.9.5.6/SCSClient/run/data/public/datasets/time_3dvel.sgy
ifs.am.cal.backup.apps.sss	33261	829	829	65376	65536	433	1665855012	1518457388	1559441409	6372367126	./gcs/2017.1/SCSClient/run/data/public/datasets/time_2dvel.sgy
ifs.am.cal.backup.apps.sss	33261	829	829	5399848	5406720	13233	1665855012	1518457388	1559441409	6378950450	./gcs/2017.1/SCSClient/run/data/public/datasets/time_3dvel.sgy
ifs.am.cal.backup.apps.sss	33261	829	829	65376	65536	417	1727298817	1727298817	1733157514	8644108753	./gcs/2021.2/SCSClient/lib/run/data/public/datasets/time_2dvel.sgy
ifs.am.cal.backup.apps.sss	33261	829	829	5399848	5406720	14225	1727298817	1727298817	1733157514	8642131213	./gcs/2021.2/SCSClient/lib/run/data/public/datasets/time_3dvel.sgy
ifs.am.cal.backup.apps.sss	33261	829	829	65376	65536	433	1655910457	1655910457	1702053406	8516198739	./gcs/2021.0/SCSClient/lib/run/data/public/datasets/time_2dvel.sgy
ifs.am.cal.backup.apps.sss	33261	829	829	5399848	5406720	13233	1655910456	1655910456	1702053407	8516198740	./gcs/2021.0/SCSClient/lib/run/data/public/datasets/time_3dvel.sgy
ifs.am.cal.backup.apps.sss	33261	829	829	65376	65536	433	1665854130	1484585789	1559438748	5835737101	./gcs/2.9.5.3/SCSClient/run/data/public/datasets/time_2dvel.sgy
ifs.am.cal.backup.apps.sss	33261	829	829	5399848	5406720	13233	1665854130	1484585789	1559438748	5835737102	./gcs/2.9.5.3/SCSClient/run/data/public/datasets/time_3dvel.sgy
ifs.am.cal.backup.apps.sss	33261	829	829	65376	65536	433	1665854379	1505324933	1559439403	6025732421	./gcs/2.9.5.5/SCSClient/run/data/public/datasets/time_2dvel.sgy
ifs.am.cal.backup.apps.sss	33261	829	829	5399848	5406720	13233	1665854379	1505324933	1559439403	6024765584	./gcs/2.9.5.5/SCSClient/run/data/public/datasets/time_3dvel.sgy
ifs.am.cal.backup.apps.sss	33261	829	829	65376	65536	433	1665853973	1484585789	1559438098	5781742118	./gcs/2.9.5.2/SCSClient/run/data/public/datasets/time_2dvel.sgy
ifs.am.cal.backup.apps.sss	33261	829	829	5399848	5406720	13233	1665853973	1484585789	1559438098	5782008166	./gcs/2.9.5.2/SCSClient/run/data/public/datasets/time_3dvel.sgy
ifs.am.cal.backup.apps.sss	33261	829	829	65376	65536	433	1665250387	1518457388	1571744002	7018353217	./gcs/2017.3/SCSClient/run/data/public/datasets/time_2dvel.sgy
ifs.am.cal.backup.apps.sss	33261	829	829	5399848	5406720	13233	1665250387	1518457388	1571744003	7015492094	./gcs/2017.3/SCSClient/run/data/public/datasets/time_3dvel.sgy
ifs.am.cal.backup.apps.sss	33261	829	829	65376	65536	433	1665250257	1518457388	1559442116	6688162828	./gcs/2017.2/SCSClient/run/data/public/datasets/time_2dvel.sgy
ifs.am.cal.backup.apps.sss	33261	829	829	5399848	5406720	13233	1665250257	1518457388	1559442117	6688162829	./gcs/2017.2/SCSClient/run/data/public/datasets/time_3dvel.sgy
ifs.am.cal.backup.apps.sss	33261	829	829	65376	65536	433	1665854840	1518457388	1559440659	6235621459	./gcs/2017.0/SCSClient/run/data/public/datasets/time_2dvel.sgy
ifs.am.cal.backup.apps.sss	33261	829	829	5399848	5406720	13233	1665854840	1518457388	1559440659	6235881895	./gcs/2017.0/SCSClient/run/data/public/datasets/time_3dvel.sgy
ifs.am.cal.backup.apps.sss	33261	829	829	65376	65536	433	1665250624	1650438113	1651173510	8019465707	./gcs/2019.1/SCSClient/run/data/public/datasets/time_2dvel.sgy
ifs.am.cal.backup.apps.sss	33261	829	829	5399848	5406720	13233	1665250624	1650438113	1651173510	8019465708	./gcs/2019.1/SCSClient/run/data/public/datasets/time_3dvel.sgy
ifs.am.cal.backup.apps.sss	33261	829	829	65376	65536	417	1705945097	1705945097	1717593741	8602159242	./gcs/2021.1/SCSClient/lib/run/data/public/datasets/time_2dvel.sgy
ifs.am.cal.backup.apps.sss	33261	829	829	5399848	5406720	14225	1705945096	1705945096	1717593741	8602159243	./gcs/2021.1/SCSClient/lib/run/data/public/datasets/time_3dvel.sgy
ifs.am.cal.backup.apps.sss	33277	829	829	735120	737280	2065	1665277761	1164992280	1559475497	4386367933	./move/2009.1/examples/2d_data/extra_data/section_construction/construct_fault/construct_fault_extension/NGOS/ngos.sgy
ifs.am.cal.backup.apps.sss	33277	829	829	735120	737280	2065	1665277760	1164992280	1559475496	4385678034	./move/2009.1/examples/2d_data/extra_data/imports/ngos.sgy
ifs.am.cal.backup.apps.sss	33277	829	829	1431180	1433600	3905	1665277760	1164992280	1559475496	4385678032	./move/2009.1/examples/2d_data/extra_data/imports/foothill.sgy
ifs.am.cal.backup.apps.sss	33277	829	829	898200	901120	2385	1665277760	1164992280	1559475496	4385678035	./move/2009.1/examples/2d_data/extra_data/imports/salt.sgy
ifs.am.cal.backup.apps.sss	33277	829	829	8698896	8699904	20689	1665277664	1169026190	1559475339	4386833449	./move/2009.1/LinuxRHEL_30WS/tutorials/2DMove_tutorial_files/08_North_Sea_Example/Depth520.sgy
ifs.am.cal.backup.apps.sss	33277	829	829	1431180	1433600	3905	1665277658	1169026219	1559475328	4389740467	./move/2009.1/LinuxRHEL_30WS/tutorials/2DMove_tutorial_files/02_operations_geology/benjamin_west_raw_data_set/foothill.sgy
ifs.am.cal.backup.apps.sss	33277	829	829	4894200	4898816	11729	1665277659	1169026202	1559475329	4381520882	./move/2009.1/LinuxRHEL_30WS/tutorials/2DMove_tutorial_files/02_operations_geology/seismic/3dmovenew.sgy
ifs.am.cal.backup.apps.sss	33188	829	829	8698896	8699904	20689	1275642237	1169029790	1275642258	4381534057	./move/to_be_removed_2010.1/tutorials/2DMove/12_North_Sea_Restoration/Depth520.sgy
ifs.am.cal.backup.apps.sss	33188	829	829	4894200	4898816	11729	1275642237	1169029802	1275642248	4383784918	./move/to_be_removed_2010.1/tutorials/2DMove/3_Loading_and_Visualization_Data_Files/3dmovenew.sgy
ifs.am.cal.backup.apps.sss	33188	829	829	1431180	1433600	3905	1275642237	1169029819	1275642248	4385006688	./move/to_be_removed_2010.1/tutorials/2DMove/3_Loading_and_Visualization_Data_Files/benjamin_west_raw_data_set/foothill.sgy
ifs.am.cal.backup.apps.sss	33261	829	829	443	8192	97	1665859249	1398141580	1559452124	6177408728	./lct/2009.14/Linux/demo/interp/2mod_mak2mod_lctseis/segy/2mod.mtd.segy
ifs.am.cal.backup.apps.sss	33261	829	829	2076672	2080768	5201	1665859249	1398141580	1559452124	6173807629	./lct/2009.14/Linux/demo/interp/2mod_mak2mod_lctseis/segy/INT.segy
ifs.am.cal.backup.apps.sss	33261	829	829	8626176	8626176	20545	1665837454	944766619	1559418381	4389211538	./3dzui/V8.4.1/data/BiggieMax/tutorial/TRK1743/depth/TRK1743.vt
ifs.am.cal.backup.apps.sss	33188	829	829	10555392	10559488	25185	1013466246	1013466246	1269555409	4389211541	./3dzui/V8.4.1/data/BiggieMax/tutorial/TRK1743/time/TRK1743.vt
ifs.am.cal.backup.apps.sss	33261	829	829	8654848	8658944	20609	1665837459	944767209	1559418394	4387282270	./3dzui/V8.4.1/data/BiggieMax/tutorial/TRK1885/depth/TRK1885.vt
ifs.am.cal.backup.apps.sss	33188	829	829	10588160	10592256	25377	1013467871	1013467871	1269555509	4387282267	./3dzui/V8.4.1/data/BiggieMax/tutorial/TRK1885/time/TRK1885.vt
ifs.am.cal.backup.apps.sss	33261	829	829	8654848	8658944	20609	1665837457	944766868	1559418386	4377912513	./3dzui/V8.4.1/data/BiggieMax/tutorial/TRK1803/depth/TRK1803.vt
ifs.am.cal.backup.apps.sss	33188	829	829	10588160	10592256	25377	1013466880	1013466880	1269555482	4390606138	./3dzui/V8.4.1/data/BiggieMax/tutorial/TRK1803/time/TRK1803.vt
ifs.am.cal.backup.apps.sss	33261	829	829	8626176	8626176	20545	1665837458	944767001	1559418388	4384977720	./3dzui/V8.4.1/data/BiggieMax/tutorial/TRK1835/depth/TRK1835.vt
ifs.am.cal.backup.apps.sss	33188	829	829	10555392	10559488	25185	1013467308	1013467308	1269555494	4391412241	./3dzui/V8.4.1/data/BiggieMax/tutorial/TRK1835/time/TRK1835.vt
ifs.am.cal.backup.apps.sss	33261	829	829	8654848	8658944	20609	1665837456	944766760	1559418385	4389224637	./3dzui/V8.4.1/data/BiggieMax/tutorial/TRK1777/depth/TRK1777.vt
ifs.am.cal.backup.apps.sss	33188	829	829	10588160	10592256	25377	1013466600	1013466600	1269555420	4389224638	./3dzui/V8.4.1/data/BiggieMax/tutorial/TRK1777/time/TRK1777.vt
ifs.am.cal.backup.apps.sss	33261	829	829	8654848	8658944	20609	1665837456	944766835	1559418386	4385376956	./3dzui/V8.4.1/data/BiggieMax/tutorial/TRK1795/depth/TRK1795.vt
ifs.am.cal.backup.apps.sss	33188	829	829	10588160	10592256	25377	1013466789	1013466789	1269555426	4385376959	./3dzui/V8.4.1/data/BiggieMax/tutorial/TRK1795/time/TRK1795.vt
ifs.am.cal.backup.apps.sss	33261	829	829	8654848	8658944	20609	1665837460	944767258	1559418395	4388473962	./3dzui/V8.4.1/data/BiggieMax/tutorial/TRK1897/depth/TRK1897.vt
ifs.am.cal.backup.apps.sss	33188	829	829	10588160	10592256	25377	1013468001	1013468001	1269555513	4388473965	./3dzui/V8.4.1/data/BiggieMax/tutorial/TRK1897/time/TRK1897.vt
ifs.am.cal.backup.apps.sss	33261	829	829	8626176	8626176	20545	1665837455	944766668	1559418383	4388855583	./3dzui/V8.4.1/data/BiggieMax/tutorial/TRK1755/depth/TRK1755.vt
ifs.am.cal.backup.apps.sss	33188	829	829	10555392	10559488	25185	1013466369	1013466369	1269555413	4388855586	./3dzui/V8.4.1/data/BiggieMax/tutorial/TRK1755/time/TRK1755.vt
ifs.am.cal.backup.apps.sss	33261	829	829	8654848	8658944	20609	1665837453	944766462	1559418377	4385375815	./3dzui/V8.4.1/data/BiggieMax/tutorial/TRK1705/depth/TRK1705.vt
ifs.am.cal.backup.apps.sss	33188	829	829	10588160	10592256	25377	1013462253	1013462253	1269555395	4385375818	./3dzui/V8.4.1/data/BiggieMax/tutorial/TRK1705/time/TRK1705.vt
ifs.am.cal.backup.apps.sss	33261	829	829	8654848	8658944	20609	1665837459	944767125	1559418391	4385936995	./3dzui/V8.4.1/data/BiggieMax/tutorial/TRK1865/depth/TRK1865.vt
ifs.am.cal.backup.apps.sss	33188	829	829	10588160	10592256	25377	1013467661	1013467661	1269555503	4385936998	./3dzui/V8.4.1/data/BiggieMax/tutorial/TRK1865/time/TRK1865.vt
ifs.am.cal.backup.apps.sss	33261	829	829	8626176	8626176	20545	1665837455	944766693	1559418384	4387958840	./3dzui/V8.4.1/data/BiggieMax/tutorial/TRK1761/depth/TRK1761.vt
ifs.am.cal.backup.apps.sss	33188	829	829	10555392	10559488	25185	1013466432	1013466432	1269555415	4387958842	./3dzui/V8.4.1/data/BiggieMax/tutorial/TRK1761/time/TRK1761.vt
ifs.am.cal.backup.apps.sss	33261	829	829	8654848	8658944	20609	1665837456	944766768	1559418385	4388816321	./3dzui/V8.4.1/data/BiggieMax/tutorial/TRK1779/depth/TRK1779.vt
ifs.am.cal.backup.apps.sss	33188	829	829	10588160	10592256	25377	1013466621	1013466621	1269555420	4388816320	./3dzui/V8.4.1/data/BiggieMax/tutorial/TRK1779/time/TRK1779.vt
ifs.am.cal.backup.apps.sss	33261	829	829	8626176	8626176	20545	1665837455	944766727	1559418384	4375935069	./3dzui/V8.4.1/data/BiggieMax/tutorial/TRK1769/depth/TRK1769.vt
ifs.am.cal.backup.apps.sss	33188	829	829	10555392	10559488	25185	1013466516	1013466516	1269555417	4375935070	./3dzui/V8.4.1/data/BiggieMax/tutorial/TRK1769/time/TRK1769.vt
ifs.am.cal.backup.apps.sss	33261	829	829	8626176	8626176	20545	1665837457	944766943	1559418387	4388467601	./3dzui/V8.4.1/data/BiggieMax/tutorial/TRK1821/depth/TRK1821.vt
ifs.am.cal.backup.apps.sss	33188	829	829	10555392	10559488	25185	1013467122	1013467122	1269555489	4388467598	./3dzui/V8.4.1/data/BiggieMax/tutorial/TRK1821/time/TRK1821.vt
ifs.am.cal.backup.apps.sss	33261	829	829	8654848	8658944	20609	1665837460	944767309	1559418395	4387577360	./3dzui/V8.4.1/data/BiggieMax/tutorial/TRK1909/depth/TRK1909.vt
ifs.am.cal.backup.apps.sss	33188	829	829	10588160	10592256	25377	1013468130	1013468130	1269555517	4387577357	./3dzui/V8.4.1/data/BiggieMax/tutorial/TRK1909/time/TRK1909.vt
ifs.am.cal.backup.apps.sss	33261	829	829	8626176	8626176	20545	1665837458	944767042	1559418389	4385381895	./3dzui/V8.4.1/data/BiggieMax/tutorial/TRK1845/depth/TRK1845.vt
ifs.am.cal.backup.apps.sss	33188	829	829	10555392	10559488	25185	1013467436	1013467436	1269555497	4385381898	./3dzui/V8.4.1/data/BiggieMax/tutorial/TRK1845/time/TRK1845.vt
ifs.am.cal.backup.apps.sss	33261	829	829	8654848	8658944	20609	1665837462	944767525	1559418398	4386561288	./3dzui/V8.4.1/data/BiggieMax/tutorial/TRK1961/depth/TRK1961.vt
ifs.am.cal.backup.apps.sss	33188	829	829	10588160	10592256	25377	1013468690	1013468690	1269555535	4382258017	./3dzui/V8.4.1/data/BiggieMax/tutorial/TRK1961/time/TRK1961.vt
ifs.am.cal.backup.apps.sss	33261	829	829	8626176	8626176	20545	1665837454	944766627	1559418381	4388822532	./3dzui/V8.4.1/data/BiggieMax/tutorial/TRK1745/depth/TRK1745.vt
ifs.am.cal.backup.apps.sss	33188	829	829	10555392	10559488	25185	1013466266	1013466266	1269555410	4388822535	./3dzui/V8.4.1/data/BiggieMax/tutorial/TRK1745/time/TRK1745.vt
ifs.am.cal.backup.apps.sss	33261	829	829	8626176	8626176	20545	1665837455	944766702	1559418384	4386354910	./3dzui/V8.4.1/data/BiggieMax/tutorial/TRK1763/depth/TRK1763.vt
ifs.am.cal.backup.apps.sss	33188	829	829	10555392	10559488	25185	1013466453	1013466453	1269555416	4386354913	./3dzui/V8.4.1/data/BiggieMax/tutorial/TRK1763/time/TRK1763.vt
ifs.am.cal.backup.apps.sss	33261	829	829	8654848	8658944	20609	1665837460	944767234	1559418394	4389485431	./3dzui/V8.4.1/data/BiggieMax/tutorial/TRK1891/depth/TRK1891.vt
ifs.am.cal.backup.apps.sss	33188	829	829	10588160	10592256	25377	1013467936	1013467936	1269555511	4389485434	./3dzui/V8.4.1/data/BiggieMax/tutorial/TRK1891/time/TRK1891.vt
ifs.am.cal.backup.apps.sss	33261	829	829	8654848	8658944	20609	1665837457	944766893	1559418386	4373783792	./3dzui/V8.4.1/data/BiggieMax/tutorial/TRK1809/depth/TRK1809.vt
ifs.am.cal.backup.apps.sss	33188	829	829	10588160	10592256	25377	1013466960	1013466960	1269555484	4373783789	./3dzui/V8.4.1/data/BiggieMax/tutorial/TRK1809/time/TRK1809.vt
ifs.am.cal.backup.apps.sss	33261	829	829	8654848	8658944	20609	1665837460	944767267	1559418395	4386360125	./3dzui/V8.4.1/data/BiggieMax/tutorial/TRK1899/depth/TRK1899.vt
ifs.am.cal.backup.apps.sss	33188	829	829	10588160	10592256	25377	1013468022	1013468022	1269555514	4386360126	./3dzui/V8.4.1/data/BiggieMax/tutorial/TRK1899/time/TRK1899.vt
ifs.am.cal.backup.apps.sss	33261	829	829	8654848	8658944	20609	1665837460	944767242	1559418394	4386827077	./3dzui/V8.4.1/data/BiggieMax/tutorial/TRK1893/depth/TRK1893.vt
ifs.am.cal.backup.apps.sss	33188	829	829	10588160	10592256	25377	1013467958	1013467958	1269555512	4386827080	./3dzui/V8.4.1/data/BiggieMax/tutorial/TRK1893/time/TRK1893.vt
ifs.am.cal.backup.apps.sss	33261	829	829	8654848	8658944	20609	1665837453	944766413	1559418377	4390619600	./3dzui/V8.4.1/data/BiggieMax/tutorial/TRK1693/depth/TRK1693.vt
ifs.am.cal.backup.apps.sss	33188	829	829	10588160	10592256	25377	1013462134	1013462134	1269555479	4386572284	./3dzui/V8.4.1/data/BiggieMax/tutorial/TRK1693/time/TRK1693.vt
ifs.am.cal.backup.apps.sss	33261	829	829	8654848	8658944	20609	1665837456	944766777	1559418385	4381129105	./3dzui/V8.4.1/data/BiggieMax/tutorial/TRK1781/depth/TRK1781.vt
ifs.am.cal.backup.apps.sss	33188	829	829	10588160	10592256	25377	1013466642	1013466642	1269555421	4381129102	./3dzui/V8.4.1/data/BiggieMax/tutorial/TRK1781/time/TRK1781.vt
ifs.am.cal.backup.apps.sss	33261	829	829	8654848	8658944	20609	1665837460	944767217	1559418394	4386328178	./3dzui/V8.4.1/data/BiggieMax/tutorial/TRK1887/depth/TRK1887.vt
ifs.am.cal.backup.apps.sss	33188	829	829	10588160	10592256	25377	1013467892	1013467892	1269555510	4386328179	./3dzui/V8.4.1/data/BiggieMax/tutorial/TRK1887/time/TRK1887.vt
ifs.am.cal.backup.apps.sss	33261	829	829	8654848	8658944	20609	1665837459	944767167	1559418393	4386357202	./3dzui/V8.4.1/data/BiggieMax/tutorial/TRK1875/depth/TRK1875.vt
ifs.am.cal.backup.apps.sss	33188	829	829	10588160	10592256	25377	1013467767	1013467767	1269555506	4386357205	./3dzui/V8.4.1/data/BiggieMax/tutorial/TRK1875/time/TRK1875.vt
ifs.am.cal.backup.apps.sss	33261	829	829	8654848	8658944	20609	1665837463	944767583	1559418399	4387623466	./3dzui/V8.4.1/data/BiggieMax/tutorial/TRK1975/depth/TRK1975.vt
ifs.am.cal.backup.apps.sss	33188	829	829	10588160	10592256	25313	1013468845	1013468845	1269555539	4387623468	./3dzui/V8.4.1/data/BiggieMax/tutorial/TRK1975/time/TRK1975.vt
ifs.am.cal.backup.apps.sss	33261	829	829	8654848	8658944	20609	1665837455	944766743	1559418384	4379766779	./3dzui/V8.4.1/data/BiggieMax/tutorial/TRK1773/depth/TRK1773.vt
ifs.am.cal.backup.apps.sss	33188	829	829	10588160	10592256	25377	1013466558	1013466558	1269555419	4379766782	./3dzui/V8.4.1/data/BiggieMax/tutorial/TRK1773/time/TRK1773.vt
ifs.am.cal.backup.apps.sss	33261	829	829	8626176	8626176	20545	1665837464	944767700	1559418403	4385355299	./3dzui/V8.4.1/data/BiggieMax/tutorial/TRK2003/depth/TRK2003.vt
ifs.am.cal.backup.apps.sss	33188	829	829	10555392	10559488	25185	1013469145	1013469145	1269555548	4385355302	./3dzui/V8.4.1/data/BiggieMax/tutorial/TRK2003/time/TRK2003.vt
ifs.am.cal.backup.apps.sss	33261	829	829	8654848	8658944	20609	1665837459	944767117	1559418391	4387943805	./3dzui/V8.4.1/data/BiggieMax/tutorial/TRK1863/depth/TRK1863.vt
ifs.am.cal.backup.apps.sss	33188	829	829	10588160	10592256	25377	1013467640	1013467640	1269555502	4387943808	./3dzui/V8.4.1/data/BiggieMax/tutorial/TRK1863/time/TRK1863.vt
ifs.am.cal.backup.apps.sss	33261	829	829	8626176	8626176	20545	1665837461	944767342	1559418396	4381939885	./3dzui/V8.4.1/data/BiggieMax/tutorial/TRK1917/depth/TRK1917.vt
ifs.am.cal.backup.apps.sss	33188	829	829	10555392	10559488	25185	1013468212	1013468212	1269555520	4381939888	./3dzui/V8.4.1/data/BiggieMax/tutorial/TRK1917/time/TRK1917.vt
ifs.am.cal.backup.apps.sss	33261	829	829	8654848	8658944	20609	1665837453	944766471	1559418378	4381956204	./3dzui/V8.4.1/data/BiggieMax/tutorial/TRK1707/depth/TRK1707.vt
ifs.am.cal.backup.apps.sss	33188	829	829	10588160	10592256	25377	1013462273	1013462273	1269555396	4381956203	./3dzui/V8.4.1/data/BiggieMax/tutorial/TRK1707/time/TRK1707.vt
ifs.am.cal.backup.apps.sss	33261	829	829	8626176	8626176	20545	1665837459	944767109	1559418390	4384983151	./3dzui/V8.4.1/data/BiggieMax/tutorial/TRK1861/depth/TRK1861.vt
ifs.am.cal.backup.apps.sss	33188	829	829	10555392	10559488	25185	1013467619	1013467619	1269555502	4384983154	./3dzui/V8.4.1/data/BiggieMax/tutorial/TRK1861/time/TRK1861.vt
ifs.am.cal.backup.apps.sss	33261	829	829	8654848	8658944	20609	1665837460	944767250	1559418395	4386385603	./3dzui/V8.4.1/data/BiggieMax/tutorial/TRK1895/depth/TRK1895.vt
ifs.am.cal.backup.apps.sss	33188	829	829	10588160	10592256	25377	1013467979	1013467979	1269555512	4386385604	./3dzui/V8.4.1/data/BiggieMax/tutorial/TRK1895/time/TRK1895.vt
ifs.am.cal.backup.apps.sss	33261	829	829	8654848	8658944	20609	1665837463	944767592	1559418399	4381986232	./3dzui/V8.4.1/data/BiggieMax/tutorial/TRK1977/depth/TRK1977.vt
ifs.am.cal.backup.apps.sss	33188	829	829	10588160	10592256	25377	1013468867	1013468867	1269555540	4381986231	./3dzui/V8.4.1/data/BiggieMax/tutorial/TRK1977/time/TRK1977.vt
ifs.am.cal.backup.apps.sss	33261	829	829	8654848	8658944	20609	1665837453	944766405	1559418376	4386557560	./3dzui/V8.4.1/data/BiggieMax/tutorial/TRK1691/depth/TRK1691.vt
ifs.am.cal.backup.apps.sss	33188	829	829	10588160	10592256	25377	1013462115	1013462115	1269555478	4386557563	./3dzui/V8.4.1/data/BiggieMax/tutorial/TRK1691/time/TRK1691.vt
ifs.am.cal.backup.apps.sss	33261	829	829	8626176	8626176	20545	1665837461	944767433	1559418397	4384985954	./3dzui/V8.4.1/data/BiggieMax/tutorial/TRK1939/depth/TRK1939.vt
ifs.am.cal.backup.apps.sss	33188	829	829	10555392	10559488	25185	1013468451	1013468451	1269555528	4384985957	./3dzui/V8.4.1/data/BiggieMax/tutorial/TRK1939/time/TRK1939.vt
ifs.am.cal.backup.apps.sss	33261	829	829	8626176	8626176	20545	1665837457	944766968	1559418387	4381950951	./3dzui/V8.4.1/data/BiggieMax/tutorial/TRK1827/depth/TRK1827.vt
ifs.am.cal.backup.apps.sss	33188	829	829	10555392	10559488	25185	1013467200	1013467200	1269555492	4384597481	./3dzui/V8.4.1/data/BiggieMax/tutorial/TRK1827/time/TRK1827.vt
ifs.am.cal.backup.apps.sss	33261	829	829	8654848	8658944	20609	1665837457	944766885	1559418386	4386581294	./3dzui/V8.4.1/data/BiggieMax/tutorial/TRK1807/depth/TRK1807.vt
ifs.am.cal.backup.apps.sss	33188	829	829	10588160	10592256	25377	1013466933	1013466933	1269555484	4386581297	./3dzui/V8.4.1/data/BiggieMax/tutorial/TRK1807/time/TRK1807.vt
